200 100 3
12 114 -131 
-131 158 121 
59 158 52 
160 35 59 
25 -93 61 
-87 -139 -5 
-181 -43 177 
164 -60 -167 
-48 -36 -7 
113 178 -116 
43 -7 115 
-36 64 -64 
27 13 -198 
-68 -12 -10 
-120 88 200 
154 -99 36 
-82 95 -62 
-126 -116 158 
144 164 164 
50 94 14 
-122 -92 -136 
-63 -165 -31 
125 147 97 
-112 -110 50 
116 -142 53 
-142 180 154 
-98 -161 -195 
78 -48 15 
-107 -147 -148 
109 -14 -138 
-124 -157 80 
-62 -79 106 
-82 130 -104 
-22 47 89 
87 48 135 
-55 -91 24 
106 51 -91 
-143 -35 67 
-118 138 123 
147 -125 104 
139 27 103 
105 77 -129 
-76 -3 38 
128 196 151 
-22 -7 66 
-75 163 -108 
-20 -108 -162 
-192 -177 -181 
-167 140 -106 
-43 -156 167 
-19 26 -167 
-114 23 -97 
-134 -188 49 
-43 166 189 
103 24 139 
124 -130 22 
134 134 61 
147 -83 -124 
-30 -5 67 
149 -9 -11 
-126 15 -178 
-132 113 70 
161 -51 173 
-136 -150 -147 
63 53 -142 
162 -194 100 
-14 64 120 
43 -177 -77 
-55 195 -4 
-82 29 123 
-92 56 180 
-104 54 65 
-84 45 -193 
-174 123 -75 
-63 -76 97 
43 -152 -125 
-165 -3 16 
64 43 31 
-180 26 -27 
-162 40 -16 
-73 -81 195 
135 6 -59 
-114 -62 192 
78 94 165 
29 -120 -110 
-33 113 69 
2 -118 124 
114 97 182 
178 -181 -34 
119 -15 -1 
171 -163 -46 
-28 -40 154 
-135 121 143 
-159 52 102 
-45 -25 -155 
-7 162 74 
-141 39 -92 
-200 138 -136 
194 -82 61 
74 -168 -82 
